%YAML:1.0
---
camera_matrix: !!opencv-matrix
   rows: 3
   cols: 3
   dt: d
   data: [ 2.6829282008463736e+02, 0., 3.1504068999585854e+02, 0.,
       2.6807866552377288e+02, 2.4044315533915713e+02, 0., 0., 1. ]
dist_coeffs: !!opencv-matrix
   rows: 4
   cols: 1
   dt: d
   data: [ -1.9309391186885244e-01, 3.2088442100835876e-02,
       -1.4595913150786443e-02, 4.4796041992222028e-03 ]
resolution: !!opencv-matrix
   rows: 2
   cols: 1
   dt: i
   data: [ 640, 480 ]
project_matrix: !!opencv-matrix
   rows: 3
   cols: 3
   dt: d
   data: [ 2.7575489687884480e+00, 2.4538179410389409e+00,
       -7.3138306021189840e+02, -9.8503376932524995e-03,
       3.9820344817853806e+00, -4.2671974987602931e+02,
       6.6059748912978818e-05, 1.7788280121182137e-02, 1. ]
scale_xy: !!opencv-matrix
   rows: 2
   cols: 1
   dt: f
   data: [ 6.99999988e-01, 1. ]
shift_xy: !!opencv-matrix
   rows: 2
   cols: 1
   dt: f
   data: [ 0., -100. ]
