%YAML:1.0
---
camera_matrix: !!opencv-matrix
   rows: 3
   cols: 3
   dt: d
   data: [ 2.6829282008463736e+02, 0., 3.1504068999585854e+02, 0.,
       2.6807866552377288e+02, 2.4044315533915713e+02, 0., 0., 1. ]
dist_coeffs: !!opencv-matrix
   rows: 4
   cols: 1
   dt: d
   data: [ -1.9309391186885244e-01, 3.2088442100835876e-02,
       -1.4595913150786443e-02, 4.4796041992222028e-03 ]
resolution: !!opencv-matrix
   rows: 2
   cols: 1
   dt: i
   data: [ 640, 480 ]
project_matrix: !!opencv-matrix
   rows: 3
   cols: 3
   dt: d
   data: [ -8.3509867912147115e+02, -1.7903314892285680e+03,
       2.1287016783439563e+05, -2.1085963618778788e+01,
       -2.0063079566163262e+03, 1.1688500921171605e+05,
       -9.3715393861239393e-02, -5.1045056499380479e+00, 1. ]
scale_xy: !!opencv-matrix
   rows: 2
   cols: 1
   dt: f
   data: [ 5.09999990e-01, 1.04999995e+00 ]
shift_xy: !!opencv-matrix
   rows: 2
   cols: 1
   dt: f
   data: [ -56., -120. ]
