%YAML:1.0
---
camera_matrix: !!opencv-matrix
   rows: 3
   cols: 3
   dt: d
   data: [ 2.6829282008463736e+02, 0., 3.1504068999585854e+02, 0.,
       2.6807866552377288e+02, 2.4044315533915713e+02, 0., 0., 1. ]
dist_coeffs: !!opencv-matrix
   rows: 4
   cols: 1
   dt: d
   data: [ -1.9309391186885244e-01, 3.2088442100835876e-02,
       -1.4595913150786443e-02, 4.4796041992222028e-03 ]
resolution: !!opencv-matrix
   rows: 2
   cols: 1
   dt: i
   data: [ 640, 480 ]
project_matrix: !!opencv-matrix
   rows: 3
   cols: 3
   dt: d
   data: [ -1.7347525234064132e+00, -2.8194214156263655e+00,
       7.2193530677856450e+02, -2.4175517143884002e-02,
       -4.1482458238068247e+00, 7.1560256564910264e+02,
       -2.4175517143883849e-04, -1.5725028713001191e-02, 1. ]
scale_xy: !!opencv-matrix
   rows: 2
   cols: 1
   dt: f
   data: [ 8.00000012e-01, 8.00000012e-01 ]
shift_xy: !!opencv-matrix
   rows: 2
   cols: 1
   dt: f
   data: [ 0., -20. ]
