%YAML:1.0
---
camera_matrix: !!opencv-matrix
   rows: 3
   cols: 3
   dt: d
   data: [ 2.6805640776000001e+02, 0., 3.1560653086000002e+02, 0.,
       2.6809170697000002e+02, 2.3939359035999999e+02, 0., 0., 1. ]
dist_coeffs: !!opencv-matrix
   rows: 4
   cols: 1
   dt: d
   data: [ -1.8313444000000001e-01, 8.6026300000000000e-03,
       8.0136200000000008e-03, -2.9312299999999999e-03 ]
resolution: !!opencv-matrix
   rows: 2
   cols: 1
   dt: i
   data: [ 640, 480 ]
project_matrix: !!opencv-matrix
   rows: 3
   cols: 3
   dt: d
   data: [ -1.9259038156621118e+00, -6.6126481035129592e+00,
       1.0429551083795839e+03, -3.6062253542663208e-02,
       -7.2535963532522674e+00, 8.1309980231315160e+02,
       -2.6523078212150166e-04, -1.4291054964101360e-02, 1. ]
scale_xy: !!opencv-matrix
   rows: 2
   cols: 1
   dt: f
   data: [ 6.39999986e-01, 1.05999994e+00 ]
shift_xy: !!opencv-matrix
   rows: 2
   cols: 1
   dt: f
   data: [ 2., -57. ]
