%YAML:1.0
---
camera_matrix: !!opencv-matrix
   rows: 3
   cols: 3
   dt: d
   data: [ 2.7050051570539750e+02, 0., 3.4135507614866253e+02, 0.,
       2.7036596635325344e+02, 2.3869389273383510e+02, 0., 0., 1. ]
dist_coeffs: !!opencv-matrix
   rows: 4
   cols: 1
   dt: d
   data: [ -1.8499417790235648e-01, 8.4124327624785153e-03,
       7.2476767407238154e-03, -2.2524042454727827e-03 ]
resolution: !!opencv-matrix
   rows: 2
   cols: 1
   dt: i
   data: [ 640, 480 ]
project_matrix: !!opencv-matrix
   rows: 3
   cols: 3
   dt: d
   data: [ 1.9935473814335434e+00, 1.8341535089880348e+00,
       -4.9443380133472675e+02, 2.7188062794285692e-02,
       2.7800439912480206e+00, -2.4625957316153932e+02,
       6.2900614434533830e-04, 1.2918431277089916e-02, 1. ]
scale_xy: !!opencv-matrix
   rows: 2
   cols: 1
   dt: f
   data: [ 8.00000012e-01, 1. ]
shift_xy: !!opencv-matrix
   rows: 2
   cols: 1
   dt: f
   data: [ -20., -80. ]
