%YAML:1.0
---
camera_matrix: !!opencv-matrix
   rows: 3
   cols: 3
   dt: d
   data: [ 2.7050051570539750e+02, 0., 3.4135507614866253e+02, 0.,
       2.7036596635325344e+02, 2.3869389273383510e+02, 0., 0., 1. ]
dist_coeffs: !!opencv-matrix
   rows: 4
   cols: 1
   dt: d
   data: [ -1.8499417790235648e-01, 8.4124327624785153e-03,
       7.2476767407238154e-03, -2.2524042454727827e-03 ]
resolution: !!opencv-matrix
   rows: 2
   cols: 1
   dt: i
   data: [ 640, 480 ]
project_matrix: !!opencv-matrix
   rows: 3
   cols: 3
   dt: d
   data: [ -2.4631030662731246e+00, -3.8111555069973546e+00,
       1.0027361690709788e+03, -6.1826365809754737e-02,
       -5.3529588645798851e+00, 8.7663690063633089e+02,
       -4.5661921305814861e-04, -2.1200699637917618e-02, 1. ]
scale_xy: !!opencv-matrix
   rows: 2
   cols: 1
   dt: f
   data: [ 8.50000024e-01, 8.29999983e-01 ]
shift_xy: !!opencv-matrix
   rows: 2
   cols: 1
   dt: f
   data: [ 0., 0. ]
