%YAML:1.0
---
camera_matrix: !!opencv-matrix
   rows: 3
   cols: 3
   dt: d
   data: [ 2.7050051570539750e+02, 0., 3.4135507614866253e+02, 0.,
       2.7036596635325344e+02, 2.3869389273383510e+02, 0., 0., 1. ]
dist_coeffs: !!opencv-matrix
   rows: 4
   cols: 1
   dt: d
   data: [ -1.8499417790235648e-01, 8.4124327624785153e-03,
       7.2476767407238154e-03, -2.2524042454727827e-03 ]
resolution: !!opencv-matrix
   rows: 2
   cols: 1
   dt: i
   data: [ 640, 480 ]
project_matrix: !!opencv-matrix
   rows: 3
   cols: 3
   dt: d
   data: [ -2.1681713775618303e+00, -4.2616352659878993e+00,
       1.0199929875860497e+03, -2.8151062810294158e-01,
       -4.8656704401176425e+00, 7.3728588106657753e+02,
       -4.6257483863341423e-04, -1.1883876262957118e-02, 1. ]
scale_xy: !!opencv-matrix
   rows: 2
   cols: 1
   dt: f
   data: [ 4.69999999e-01, 9.59999979e-01 ]
shift_xy: !!opencv-matrix
   rows: 2
   cols: 1
   dt: f
   data: [ -4., -22. ]
