%YAML:1.0
---
camera_matrix: !!opencv-matrix
   rows: 3
   cols: 3
   dt: d
   data: [ 2.6866871893000001e+02, 0., 3.3449535143000003e+02, 0.,
       2.6886965713000001e+02, 2.4300710380000001e+02, 0., 0., 1. ]
dist_coeffs: !!opencv-matrix
   rows: 4
   cols: 1
   dt: d
   data: [ -1.9055029000000001e-01, 2.8835110000000001e-02,
       -1.1488089999999999e-02, 3.0131899999999998e-03 ]
resolution: !!opencv-matrix
   rows: 2
   cols: 1
   dt: i
   data: [ 640, 480 ]
project_matrix: !!opencv-matrix
   rows: 3
   cols: 3
   dt: d
   data: [ -1.4016114238013733e+00, -4.7776406833265908e+00,
       7.8442431180155734e+02, -1.9448639286044558e-01,
       -5.0530265504435636e+00, 6.6139775237992865e+02,
       -6.0026664463100723e-04, -1.0440557554236509e-02, 1. ]
scale_xy: !!opencv-matrix
   rows: 2
   cols: 1
   dt: f
   data: [ 6.29999995e-01, 9.10000026e-01 ]
shift_xy: !!opencv-matrix
   rows: 2
   cols: 1
   dt: f
   data: [ -51., -77. ]
