%YAML:1.0
---
camera_matrix: !!opencv-matrix
   rows: 3
   cols: 3
   dt: d
   data: [ 2.6847581733946294e+02, 0., 3.3092904689755920e+02, 0.,
       2.6858701054092967e+02, 2.4384862389676562e+02, 0., 0., 1. ]
dist_coeffs: !!opencv-matrix
   rows: 4
   cols: 1
   dt: d
   data: [ -1.8843202987092700e-01, 2.3518306482816553e-02,
       -8.1231986237479091e-03, 2.9290522549313262e-03 ]
resolution: !!opencv-matrix
   rows: 2
   cols: 1
   dt: i
   data: [ 640, 480 ]
project_matrix: !!opencv-matrix
   rows: 3
   cols: 3
   dt: d
   data: [ -1.2031706407486933e+00, -1.9111189684539966e+00,
       5.6320399310404196e+02, -6.5665396076329749e-02,
       -1.8953299925637914e+00, 4.6130638424370102e+02,
       -1.5128252941074127e-04, -1.0148100420191347e-02, 1. ]
scale_xy: !!opencv-matrix
   rows: 2
   cols: 1
   dt: f
   data: [ 6.00000024e-01, 6.00000024e-01 ]
shift_xy: !!opencv-matrix
   rows: 2
   cols: 1
   dt: f
   data: [ 0., 0. ]
