%YAML:1.0
---
camera_matrix: !!opencv-matrix
   rows: 3
   cols: 3
   dt: d
   data: [ 2.6847581733946294e+02, 0., 3.3092904689755920e+02, 0.,
       2.6858701054092967e+02, 2.4384862389676562e+02, 0., 0., 1. ]
dist_coeffs: !!opencv-matrix
   rows: 4
   cols: 1
   dt: d
   data: [ -1.8843202987092700e-01, 2.3518306482816553e-02,
       -8.1231986237479091e-03, 2.9290522549313262e-03 ]
resolution: !!opencv-matrix
   rows: 2
   cols: 1
   dt: i
   data: [ 640, 480 ]
project_matrix: !!opencv-matrix
   rows: 3
   cols: 3
   dt: d
   data: [ -3.9752996897866155e+00, -6.7917014581993680e+00,
       1.5687699739282486e+03, 5.9417471753781689e-02,
       -6.5662409143757543e+00, 1.2257041932301308e+03,
       4.9526909853607958e-04, -2.9067330113116116e-02, 1. ]
scale_xy: !!opencv-matrix
   rows: 2
   cols: 1
   dt: f
   data: [ 6.49999976e-01, 8.00000012e-01 ]
shift_xy: !!opencv-matrix
   rows: 2
   cols: 1
   dt: f
   data: [ 0., -7. ]
