%YAML:1.0
---
camera_matrix: !!opencv-matrix
   rows: 3
   cols: 3
   dt: d
   data: [ 2.6904029494000002e+02, 0., 3.3109116621999999e+02, 0.,
       2.6910702032000000e+02, 2.4248451632999999e+02, 0., 0., 1. ]
dist_coeffs: !!opencv-matrix
   rows: 4
   cols: 1
   dt: d
   data: [ -1.8299878999999999e-01, 1.1251160000000000e-02,
       5.4821300000000000e-03, -2.5044199999999998e-03 ]
resolution: !!opencv-matrix
   rows: 2
   cols: 1
   dt: i
   data: [ 640, 480 ]
project_matrix: !!opencv-matrix
   rows: 3
   cols: 3
   dt: d
   data: [ -8.7555997442762976e+00, -1.3902906165883111e+01,
       3.2129881466235402e+03, -4.1331951887509211e-01,
       -1.2281974947844301e+01, 1.9821053624387951e+03,
       -1.0859314803378409e-03, -2.3343118304901017e-02, 1. ]
scale_xy: !!opencv-matrix
   rows: 2
   cols: 1
   dt: f
   data: [ 5.00000000e-01, 8.60000014e-01 ]
shift_xy: !!opencv-matrix
   rows: 2
   cols: 1
   dt: f
   data: [ -6., -2. ]
