%YAML:1.0
---
camera_matrix: !!opencv-matrix
   rows: 3
   cols: 3
   dt: d
   data: [ 2.6847581733946294e+02, 0., 3.3092904689755920e+02, 0.,
       2.6858701054092967e+02, 2.4384862389676562e+02, 0., 0., 1. ]
dist_coeffs: !!opencv-matrix
   rows: 4
   cols: 1
   dt: d
   data: [ -1.8843202987092700e-01, 2.3518306482816553e-02,
       -8.1231986237479091e-03, 2.9290522549313262e-03 ]
resolution: !!opencv-matrix
   rows: 2
   cols: 1
   dt: i
   data: [ 640, 480 ]
project_matrix: !!opencv-matrix
   rows: 3
   cols: 3
   dt: d
   data: [ -3.1217309191271099e+00, -4.5268004794301628e+00,
       1.4274791701888482e+03, 1.7623993445252045e-02,
       -3.8135021893015089e+00, 8.6930751415648672e+02,
       2.6958967627289914e-05, -9.5259492064214118e-03, 1. ]
scale_xy: !!opencv-matrix
   rows: 2
   cols: 1
   dt: f
   data: [ 4.39999998e-01, 7.30000019e-01 ]
shift_xy: !!opencv-matrix
   rows: 2
   cols: 1
   dt: f
   data: [ -29., 12. ]
