%YAML:1.0
---
camera_matrix: !!opencv-matrix
   rows: 3
   cols: 3
   dt: d
   data: [ 2.6943783217794044e+02, 0., 3.3017822051642565e+02, 0.,
       2.6940604060989068e+02, 2.4229776704827992e+02, 0., 0., 1. ]
dist_coeffs: !!opencv-matrix
   rows: 4
   cols: 1
   dt: d
   data: [ -1.8840729929036323e-01, 2.3215706459502525e-02,
       -7.5124440320308520e-03, 2.3620482322020742e-03 ]
resolution: !!opencv-matrix
   rows: 2
   cols: 1
   dt: i
   data: [ 640, 480 ]
project_matrix: !!opencv-matrix
   rows: 3
   cols: 3
   dt: d
   data: [ -2.3372859964207686e+00, -3.7497350720830092e+00,
       1.0133931609465760e+03, 5.5955935066118234e-02,
       -3.4958920664071176e+00, 7.6938546969011350e+02,
       7.0070994508001424e-04, -1.8611853443698232e-02, 1. ]
scale_xy: !!opencv-matrix
   rows: 2
   cols: 1
   dt: f
   data: [ 5.89999974e-01, 6.80000007e-01 ]
shift_xy: !!opencv-matrix
   rows: 2
   cols: 1
   dt: f
   data: [ 0., 0. ]
