%YAML:1.0
---
camera_matrix: !!opencv-matrix
   rows: 3
   cols: 3
   dt: d
   data: [ 2.6953582977000002e+02, 0., 3.4078010526000003e+02, 0.,
       2.6964507936000001e+02, 2.3838769719000001e+02, 0., 0., 1. ]
dist_coeffs: !!opencv-matrix
   rows: 4
   cols: 1
   dt: d
   data: [ -1.7905252999999999e-01, 3.9598100000000002e-03,
       9.2028400000000003e-03, -2.8307200000000001e-03 ]
resolution: !!opencv-matrix
   rows: 2
   cols: 1
   dt: i
   data: [ 640, 480 ]
project_matrix: !!opencv-matrix
   rows: 3
   cols: 3
   dt: d
   data: [ -2.8149304810151726e+01, -4.6718617737250462e+01,
       9.8767875020954743e+03, 3.5756650087288655e-01,
       -4.0605647120553009e+01, 5.3734907896381374e+03,
       1.1036003113360435e-03, -8.0924794675494752e-02, 1. ]
scale_xy: !!opencv-matrix
   rows: 2
   cols: 1
   dt: f
   data: [ 4.90000010e-01, 8.99999976e-01 ]
shift_xy: !!opencv-matrix
   rows: 2
   cols: 1
   dt: f
   data: [ -18., -31. ]
