%YAML:1.0
---
camera_matrix: !!opencv-matrix
   rows: 3
   cols: 3
   dt: d
   data: [ 2.6943783217794044e+02, 0., 3.3017822051642565e+02, 0.,
       2.6940604060989068e+02, 2.4229776704827992e+02, 0., 0., 1. ]
dist_coeffs: !!opencv-matrix
   rows: 4
   cols: 1
   dt: d
   data: [ -1.8840729929036323e-01, 2.3215706459502525e-02,
       -7.5124440320308520e-03, 2.3620482322020742e-03 ]
resolution: !!opencv-matrix
   rows: 2
   cols: 1
   dt: i
   data: [ 640, 480 ]
project_matrix: !!opencv-matrix
   rows: 3
   cols: 3
   dt: d
   data: [ 1.9289469083804573e+01, 2.1367284893171622e+01,
       -5.1647218875343196e+03, -1.2649442456588746e+00,
       1.8882182966071980e+01, -2.6162638785900067e+03,
       1.1487690112676276e-04, 4.3027360138821871e-02, 1. ]
scale_xy: !!opencv-matrix
   rows: 2
   cols: 1
   dt: f
   data: [ 4.79999989e-01, 1.01999998e+00 ]
shift_xy: !!opencv-matrix
   rows: 2
   cols: 1
   dt: f
   data: [ -45., -23. ]
